2014012662
小黄瓜1号
-1 -1 不及格课程示例 -1 -1 33 2 isTom?    
1996 -1 LOL青铜王者五抢人头原理 -1 -1 44 1.4 isTom?
2014 2 数字逻辑与数字系统 -1 -1 65 3 代媛
2014 2 C语言程序设计 -1 -1 74 3.5 isTom?
2015 0 数据库原理与应用 -1 -1 30 3 田丽丽
2015 0 大学物理(甲) -1 -1 76 5 isTom?
2015 0 C++程序设计 -1 -1 83 3 isTom?
2015 0 高等数学(甲)II -1 -1 64 5.5 isTom?
2015 3 近代史_寒假作业 -1 -1 73 3 isTom?
2016 2 分布式计算技术 -1 -1 100 3 代媛
2016 2 算法分析 -1 -1 88 2 isTom?
2016 2 计算机网络 -1 -1 88 3 isTom?
2016 2 编译原理课程设计 -1 -1 92 1 isTom?
2016 2 移动软件开发 -1 -1 93 2.5 isTom?
2016 2 编译原理 -1 -1 93 3 isTom?
2016 2 软件工程 -1 -1 96 2.5 毛锐
2016 2 算法分析与设计 -1 -1 97 1 isTom?
2016 2 计算机图形学 -1 -1 97 2 张志毅
